1000 9 22
491 701
287 742
751 682
485 470
946 207
367 677
932 14
299 480
230 15
849 214
625 422
258 816
465 594
646 514
120 425
402 353
454 127
955 320
210 20
838 583
306 844
221 319
924 593
408 307
17 507
462 382
171 938
348 395
569 36
194 369
597 649
654 49
60 449
329 219
782 246
921 599
937 92
783 706
251 744
365 71
630 593
315 322
558 85
94 790
300 972
959 426
754 744
427 116
893 900
338 46
506 434
341 631
127 585
791 786
95 889
25 814
656 608
716 943
689 334
65 453
729 5
384 44
272 230
374 33
983 389
437 76
41 751
566 40
369 635
882 501
427 247
427 959
486 550
1 315
791 30
315 345
55 145
527 969
332 357
253 278
373 353
442 560
818 478
771 939
859 56
890 341
194 86
970 763
864 523
381 593
454 37
684 584
874 665
279 164
694 882
103 378
255 568
329 630
199 169
766 763
137 788
799 262
341 988
886 847
615 556
924 978
398 946
785 577
493 928
69 546
488 487
919 411
199 322
921 819
1000 316
553 755
715 472
618 304
722 663
509 172
94 893
352 705
713 325
205 556
59 546
666 697
555 262
63 351
640 512
165 805
922 471
139 428
817 694
379 662
358 402
418 274
239 227
295 868
431 188
23 295
285 269
514 954
244 350
903 820
74 791
780 704
651 753
177 211
343 25
478 710
640 702
181 223
605 752
885 668
215 799
136 34
110 616
442 88
942 124
181 188
962 543
3 144
824 28
479 286
663 825
158 93
936 171
380 404
173 556
320 440
173 743
154 78
414 932
853 8
468 397
816 751
821 666
520 255
119 162
365 226
16 564
2 602
646 477
447 467
713 303
702 301
590 221
368 709
494 395
298 104
752 232
154 105
768 554
594 467
721 952
667 347
903 896
421 806
558 583
5 296
992 695
594 936
606 202
373 247
608 746
683 713
301 818
198 197
963 436
626 497
90 409
793 729
766 347
17 378
41 332
74 776
452 226
845 835
872 412
185 650
420 896
300 881
411 665
14 886
319 1000
117 539
701 662
805 228
218 591
157 956
390 111
795 293
394 909
935 281
239 871
223 892
510 531
726 229
69 284
646 113
159 64
310 148
688 890
980 222
354 64
683 179
286 108
495 600
613 116
959 776
143 518
790 600
282 740
211 901
576 548
394 124
995 950
106 60
355 312
949 489
520 89
636 494
263 897
656 551
447 868
428 447
85 434
575 359
504 162
425 449
932 32
820 617
645 136
296 437
709 185
42 366
864 921
594 195
291 41
999 858
486 41
609 803
489 912
739 507
824 518
251 137
850 647
276 49
169 983
895 439
868 521
489 801
644 410
519 311
25 50
743 886
48 142
201 167
72 744
151 549
125 567
815 981
934 3
907 867
257 793
960 707
666 254
62 123
719 314
363 979
349 634
687 248
102 765
256 558
936 835
139 723
282 28
544 125
808 132
426 487
159 93
52 219
549 368
99 164
936 789
575 655
519 392
680 209
580 903
393 253
369 785
442 302
94 856
761 901
378 903
236 77
587 947
913 593
535 492
448 460
716 809
251 482
870 164
56 251
19 361
499 724
24 99
966 236
743 657
385 917
248 285
729 328
473 10
517 504
944 621
588 116
249 183
609 221
727 456
749 421
885 94
341 808
813 708
912 210
792 681
398 235
606 601
144 263
159 194
449 786
323 713
17 518
647 128
647 648
412 385
282 107
667 926
344 923
224 800
227 675
111 179
219 157
679 510
788 254
480 669
291 728
479 481
643 966
42 189
900 1000
82 62
160 356
516 821
657 157
756 1
170 341
665 130
885 224
468 244
175 867
189 775
672 898
677 116
73 998
834 906
817 394
19 512
665 747
361 146
18 398
593 86
414 318
577 151
347 113
190 623
869 169
20 946
432 153
500 493
164 551
759 64
97 582
437 388
378 89
337 858
950 493
418 260
562 203
404 932
428 861
54 45
138 263
285 447
291 241
241 607
866 954
214 794
898 849
860 431
754 740
50 231
120 574
650 669
717 816
311 574
526 4
103 133
181 743
280 651
207 995
698 201
769 639
996 764
16 178
366 680
141 524
424 276
892 524
827 509
462 63
509 748
465 165
726 279
13 26
484 810
164 304
40 670
602 493
617 805
179 890
830 110
913 129
99 492
243 20
10 513
486 806
46 961
388 346
798 575
828 629
763 107
492 712
238 264
853 510
427 716
790 533
264 566
436 51
342 500
747 513
543 810
584 203
105 58
868 678
714 890
171 964
853 931
418 525
727 909
768 45
788 146
168 591
514 586
729 469
44 173
772 117
204 257
226 785
437 559
109 852
933 73
223 312
345 259
703 366
879 425
322 534
224 829
551 394
812 782
880 42
501 614
635 616
31 451
330 413
729 345
228 962
971 355
441 13
336 173
757 299
524 84
183 938
162 578
972 415
671 136
99 701
499 427
586 826
907 261
548 56
816 7
240 391
919 634
725 317
986 264
187 507
414 851
201 119
472 953
6 678
571 643
116 510
787 267
776 215
628 562
788 747
462 571
852 940
377 31
596 58
61 308
948 602
20 27
14 992
265 181
404 993
320 970
3 941
347 75
355 589
231 595
764 249
298 263
743 964
560 147
232 849
661 596
907 524
831 829
578 888
348 118
451 717
809 16
964 456
894 424
591 8
147 255
280 231
408 336
234 877
600 889
475 244
523 573
374 111
863 208
416 51
961 782
740 698
621 797
170 355
707 29
2 441
464 1000
486 895
293 609
981 284
51 486
623 715
622 956
585 563
415 369
721 887
550 356
343 297
109 983
931 706
306 976
19 227
672 611
713 461
184 187
598 145
764 906
424 995
353 371
89 236
551 771
956 95
118 94
659 113
861 863
525 256
395 664
652 41
549 21
813 606
598 783
963 387
37 311
359 285
315 194
793 190
60 614
788 291
314 582
432 959
188 765
898 827
497 678
144 993
485 551
135 785
532 834
573 800
306 275
535 496
591 736
977 59
356 69
334 622
276 547
14 901
740 244
176 273
818 278
702 435
508 267
204 54
980 986
67 148
81 136
9 907
64 529
429 564
97 170
313 483
916 619
426 958
754 567
814 334
898 718
471 968
686 677
148 932
398 514
721 495
177 330
108 948
327 257
891 660
626 797
552 919
74 245
751 455
421 989
284 81
70 21
862 489
720 666
974 355
710 620
479 186
782 976
297 117
856 326
303 309
769 145
521 999
89 216
830 225
645 57
312 78
858 352
240 767
71 98
493 597
177 234
418 404
504 606
469 875
975 642
547 4
36 78
984 369
371 930
90 171
14 166
37 430
567 725
787 216
529 522
568 422
768 11
678 363
832 907
806 777
263 182
98 333
304 922
290 843
417 568
308 301
588 123
96 57
356 423
410 170
246 51
760 293
927 144
173 232
707 958
603 799
448 52
219 114
800 112
634 197
959 463
530 302
839 29
238 498
219 193
857 595
693 777
573 91
336 745
375 184
653 461
894 192
658 377
659 407
700 736
584 232
842 845
792 668
403 536
271 120
933 232
245 180
740 916
759 825
176 197
767 112
802 936
844 443
681 911
763 758
967 6
300 281
39 535
5 690
845 459
155 958
176 553
187 344
968 335
196 577
610 481
916 741
53 864
839 780
668 779
632 586
386 560
645 536
541 529
184 542
557 316
917 689
637 533
237 324
810 511
188 383
924 360
205 990
16 438
836 496
289 31
362 851
969 297
115 564
399 521
947 714
121 703
680 276
295 370
101 406
882 250
642 300
855 955
986 302
929 782
841 11
796 476
804 720
277 424
465 840
517 268
730 879
324 578
249 515
992 213
768 92
910 338
691 121
563 128
181 822
691 68
475 592
555 828
149 317
334 405
372 539
711 375
674 667
166 80
152 765
63 376
406 337
206 796
991 713
352 505
738 851
266 350
230 457
537 949
627 308
970 272
531 100
483 796
444 181
964 846
191 103
805 400
313 427
224 823
538 477
802 35
770 303
807 152
363 899
726 737
331 783
581 159
784 724
762 295
381 233
965 478
734 769
750 435
60 65
735 231
920 457
833 938
899 290
226 973
881 134
389 579
525 692
884 700
396 435
477 633
261 321
731 515
553 528
673 993
951 351
545 881
234 985
523 287
78 22
996 905
660 392
442 676
915 433
126 900
369 305
732 588
285 283
140 256
957 259
122 209
641 544
873 331
48 672
978 774
339 240
826 38
997 565
876 201
660 340
270 684
604 308
346 915
83 748
395 156
163 209
43 598
699 413
320 572
217 675
966 212
207 220
228 925
561 441
364 555
49 570
685 824
66 390
883 130
47 778
788 987
902 496
149 474
865 731
458 512
733 236
904 689
89 12
546 908
35 696
182 150
401 955
831 612
951 294
917 200
47 551
914 750
70 982
503 821
624 731
322 638
837 42
819 288
713 994
252 632
973 131
218 854
128 446
781 107
629 773
619 945
813 161
418 174
466 398
242 355
927 450
703 419
565 603
297 502
885 540
918 754
476 878
957 292
879 445
87 121
811 295
763 848
854 490
79 32
956
652
166
844
462
256
53
487
25
811
904
295
64
159
524
435
722
673
991
534
469
309
1000
950 805
701 453
721 526
280 608
609 475
36 815
175 748
642 585
484 770
40 216
881 827
395 360
119 316
816 109
48 774
369 52
402 37
796 490
684 91
296 211
403 24
562 580
418 146
532 179
245 410
546 161
359 677
288 860
253 951
361 221
340 146
127 130
779 741
259 741
377 799
437 842
48 721
161 295
876 529
333 610
921 982
255 142
84 663
176 798
807 877
645 1000
323 546
318 371
998 266
928 360
73 367
462 976
308 820
904 292
10 703
336 62
127 147
6 424
400 488
657 490
839 900
37 441
591 831
930 126
488 509
947 366
1 274
336 537
146 24
420 559
990 994
545 621
346 835
350 879
536 728
119 262
595 101
932 422
295 497
731 674
162 691
583 138
28 436
323 152
919 16
349 157
726 718
698 249
502 584
316 852
906 293
4 612
979 212
773 254
27 653
615 952
516 418
933 989
976 147
94 411
487 507
442 681
329 721
196 944
187 522
678 849
499 384
586 30
339 121
957 522
912 328
422 257
290 537
20 61
219 936
425 739
949 119
932 433
828 588
252 135
904 252
755 15
396 29
391 830
74 44
193 311
682 431
421 420
547 194
126 169
559 779
269 334
406 694
133 753
547 91
575 766
188 678
897 470
31 879
449 996
712 181
898 421
324 341
908 31
178 292
495 679
660 850
864 462
911 448
412 285
731 854
795 216
417 776
865 469
273 530
172 547
784 232
352 109
512 122
258 520
4 981
956 887
175 38
614 644
121 968
537 935
958 240
494 952
904 724
700 560
747 828
631 759
513 21
118 751
549 906
107 444
421 575
222 600
128 929
650 100
855 166
415 381
544 332
305 376
116 847
726 93
356 827
695 10
795 110
497 9
181 481
281 2
590 814
498 241
664 220
200 489
504 595
960 555
244 39
84 615
191 873
422 165
8 256
551 345
577 464
328 527
657 858
958 267
768 656
774 524
783 149
931 23
31 214
613 112
967 535
295 473
901 835
687 697
513 918
464 941
30 171
777 403
581 691
717 192
335 950
342 439
811 574
54 104
119 574
619 726
860 782
482 577
708 275
757 680
63 120
940 278
351 949
529 547
689 725
179 272
799 602
662 182
851 173
424 246
260 202
902 133
893 268
593 943
259 389
678 238
829 870
86 204
882 387
415 744
745 818
955 961
256 957
565 174
995 419
972 191
865 232
216 328
297 505
998 682
433 916
943 324
251 378
658 2
725 112
7 799
681 20
526 870
742 488
771 130
214 341
696 222
529 405
690 618
616 412
768 950
465 344
813 746
482 419
973 194
321 375
575 365
942 250
689 614
987 850
144 365
437 673
172 600
347 727
143 16
953 69
716 400
110 653
841 244
997 704
763 972
171 941
653 939
145 708
373 159
471 88
190 587
588 92
995 678
819 850
584 698
507 461
868 99
11 865
389 367
650 497
147 814
583 181
580 287
475 891
988 111
895 169
159 534
366 452
586 978
7 663
68 719
78 700
525 396
202 741
325 326
236 866
9 843
20 922
976 493
812 942
85 827
73 547
94 77
175 312
970 93
544 57
977 610
592 703
90 816
169 235
250 314
10 458
514 827
138 749
299 254
705 546
981 450
369 564
485 871
584 811
379 276
378 836
159 329
54 967
390 549
188 523
851 881
614 603
916 550
286 967
20 897
30 672
839 992
614 911
827 265
73 480
925 178
600 445
637 980
399 854
13 889
247 543
569 458
48 662
676 919
870 975
15 834
489 20
53 907
846 759
658 95
785 489
205 468
364 519
164 983
94 567
678 303
530 118
194 660
312 883
746 340
142 60
758 585
719 292
199 388
948 244
869 99
118 444
679 695
258 624
183 973
412 366
315 445
914 611
404 398
706 931
204 759
214 148
121 962
111 131
7 193
504 360
812 423
57 209
851 447
979 710
92 307
159 524
739 984
543 478
596 127
564 755
807 799
515 736
337 627
936 830
793 397
108 208
847 516
470 758
328 535
362 4
231 725
940 731
792 96
569 141
886 186
420 36
213 68
27 742
678 779
213 924
229 52
531 287
620 95
199 352
812 878
221 60
218 852
843 342
61 382
543 945
318 419
468 13
736 567
662 920
11 245
310 587
131 341
197 531
527 933
973 557
258 52
628 594
174 460
138 751
280 69
719 30
182 51
408 640
490 570
887 973
873 607
847 581
644 836
35 79
680 254
664 651
726 918
748 870
461 715
601 323
919 912
9 357
369 41
868 759
293 788
311 577
128 764
901 441
71 795
820 657
632 820
57 406
149 698
783 7
180 665
961 200
694 374
202 867
931 71
826 926
937 862
6 514
390 266
441 612
471 812
947 362
404 67
190 239
141 561
179 240
292 201
207 559
780 75
171 613
512 166
859 100
619 613
823 343
736 585
832 657
914 320
25 887
303 508
731 226
930 976
585 822
824 59
131 645
263 672
961 980
22 772
964 291
710 260
20 596
80 705
321 657
577 201
749 387
945 53
531 296
909 964
540 428
195 428
730 717
967 786
428 636
757 790
75 788
588 504
265 485
927 674
128 910
930 557
829 986
309 523
978 620
458 336
848 871
277 491
152 483
847 707
641 276
794 623
708 599
542 10
787 287
502 194
681 260
7 330
979 946
816 528
802 48
322 487
207 251
532 742
471 6
589 143
167 599
308 545
425 987
142 478
444 374
910 170
92 521
456 710
798 818
865 251
744 312
623 567
688 578
259 890
736 115
318 890
276 567
221 493
253 355
169 578
572 710
534 156
75 214
753 485
666 133
63 581
691 147
599 384
752 922
50 889
87 691
811 514
294 858
506 193
108 986
994 687
65 536
721 227
410 273
552 734
490 382
587 577
612 44
244 680
782 464
239 713
413 775
95 900
808 717
225 979
785 377
651 724
350 686
661 870
7 528
270 760
896 194
608 678
615 863
517 803
537 47
517 706
683 702
685 118
271 757
982 647
759 731
184 934
322 310
613 393
938 118
646 30
401 823
982 908
367 979
631 241
239 29
761 640
872 71
24 493
912 538
380 568
29 992
174 440
621 160
157 120
298 883
33 318
451 790
351 469
691 818
420 891
176 438
107 681
111 629
780 909
747 515
844 120
567 712
774 120
342 351
711 55
612 216
845 854
938 411
661 363
718 14
750 505
273 23
317 98
45 164
300 336
893 864
781 381
211 407
738 695
133 132
165 966
256 671
852 677
141 60
333 495
811 813
633 545
803 102
161 340
277 320
542 210
792 163
534 403
269 861
581 560
15 956
399 502
605 600
141 698
877 914
90 919
437 99
767 675
642 894
921 484
166 640
468 624
242 171
873 125
438 612
854 274
42 619
607 798
847 274
827 336
651 774
814 459
994 390
220 328
758 112
473 528
526 84
927 300
672 637
870 555
754 490
651 803
926 99
509 797
417 191
6 605
256 823
657 427
829 82
769 877
374 553
931 569
706 388
387 401
598 855
929 365
949 13
364 808
377 625
461 658
956 485
195 620
494 686
667 600
701 534
313 480
34 729
540 618
914 769
422 935
979 756
616 568
154 116
731 547
359 554
397 934
397 404
381 218
165 92
478 41
290 803
959 337
30 105
264 799
256 271
28 629
308 579
200 452
70 444
410 262
758 202
760 158
618 53
778 945
98 455
420 225
863 475
316 427
196 69
761 947
855 157
77 424
908 890
8 400
925 422
241 953
271 769
306 61
686 550
63 631
8 639
605 498
613 467
504 318
651 955
29 603
593 822
370 281
964 73
81 705
122 427
133 298
528 76
976 294
834 541
70 368
202 782
275 191
460 730
215 173
130 978
358 248
571 421
331 509
532 544
490 911
829 489
28 240
204 197
753 918
49 579
682 869
874 524
335 877
874 148
884 328
14 744
721 767
951 236
129 775
614 997
356 821
337 354
719 642
258 162
7 626
172 24
894 843
853 195
338 191
826 453
589 419
707 258
471 819
596 464
23 424
405 8
233 651
848 761
44 994
118 320
751 350
604 701
229 509
648 172
274 896
336 69
188 359
957 507
397 264
719 793
768 113
321 531
571 727
287 27
802 241
614 965
984 744
873 147
274 139
934 425
59 327
80 765
817 182
231 604
91 349
924 404
227 625
804 788
767 394
153 419
176 847
846 66
552 977
381 420
682 558
370 206
770 936
770 342
546 338
348 491
335 292
319 536
603 225
672 456
87 346
608 803
899 659
548 713
201 825
303 360
738 194
377 310
114 989
6 734
629 676
285 440
420 839
918 969
431 386
457 450
323 65
669 122
380 233
871 930
384 102
199 549
35 838
634 50
203 651
152 147
730 12
827 693
630 385
197 839
727 370
342 826
602 843
595 729
719 610
349 553
18 503
834 175
295 793
814 542
36 1
639 940
447 189
841 154
991 222
306 701
605 771
837 642
176 456
331 568
681 737
32 538
654 680
271 507
748 521
298 158
912 705
704 578
235 900
199 1
729 578
206 995
481 425
513 436
110 164
322 971
393 518
764 56
462 624
986 614
503 330
943 490
735 706
128 84
643 462
772 513
637 288
938 712
941 576
