1000 5 32
492 165
265 763
877 465
347 409
955 984
881 46
899 368
256 778
732 933
122 475
460 963
472 89
495 42
853 57
1 12
871 911
1000 775
289 56
953 635
838 688
264 911
968 161
438 622
799 905
56 622
502 75
827 368
403 761
280 485
730 45
96 105
307 168
16 201
258 483
440 918
868 343
315 991
429 332
896 830
896 456
471 229
875 834
86 111
809 130
676 228
903 661
479 522
507 390
490 241
853 590
980 468
728 982
683 48
695 3
930 101
781 247
734 187
794 482
743 231
622 451
392 854
284 201
290 427
859 271
883 326
946 464
353 253
91 577
505 528
517 890
425 542
591 75
207 746
132 517
484 650
71 871
682 930
27 840
402 425
409 368
945 651
444 218
270 999
352 25
902 248
878 701
718 232
717 56
230 157
586 665
751 362
415 191
239 524
300 306
692 234
920 661
254 100
282 720
63 513
368 438
258 996
918 693
492 260
723 736
522 301
245 125
810 362
748 875
369 908
445 656
854 623
785 822
262 528
780 204
704 19
474 360
928 590
618 735
250 272
86 132
995 663
353 197
804 230
603 970
805 539
688 140
927 99
708 131
362 262
863 666
857 493
394 108
158 916
168 423
471 742
512 94
954 266
515 560
384 895
833 474
541 552
813 861
612 850
537 499
679 1000
411 198
766 977
500 372
465 282
336 445
476 249
95 267
994 498
686 27
940 318
544 215
662 258
649 512
955 454
625 526
915 367
730 806
690 800
789 290
956 173
521 126
439 563
390 912
340 828
947 9
683 789
279 621
359 34
659 36
827 417
249 619
989 667
527 60
537 815
682 924
534 17
352 1
625 56
838 56
740 928
803 585
551 552
952 639
725 263
245 493
471 113
461 477
383 508
174 98
528 893
267 572
637 989
428 602
732 602
536 463
823 101
732 812
634 8
554 196
201 765
43 373
988 22
596 751
868 893
933 398
552 422
966 646
881 288
319 975
686 626
98 438
270 647
863 454
962 639
599 357
207 350
754 818
193 569
340 212
692 277
292 927
888 83
71 115
308 349
893 374
38 572
140 433
724 857
774 904
291 135
386 194
690 73
124 597
456 994
830 203
152 683
149 388
173 777
168 562
492 610
405 298
995 298
398 252
113 413
81 857
643 677
236 682
971 758
893 441
49 477
380 103
942 548
970 503
597 258
62 795
492 895
145 119
725 876
426 296
671 382
799 103
369 854
255 576
371 583
688 537
409 169
958 456
43 167
997 830
955 519
387 826
715 801
847 968
41 724
817 501
180 858
417 726
906 648
421 228
564 240
389 989
657 149
754 315
709 43
893 396
201 420
847 205
226 445
995 782
83 262
540 600
644 747
54 396
855 654
28 148
489 148
224 645
287 975
471 8
821 521
869 343
429 62
673 412
584 92
276 183
114 817
246 806
786 736
210 400
78 898
649 429
261 384
645 158
453 941
770 701
57 124
480 738
331 842
24 999
532 492
123 145
402 899
742 235
760 750
736 69
138 697
925 291
482 626
709 859
604 256
286 639
704 128
775 592
92 884
441 471
577 270
90 529
552 728
175 601
301 605
425 936
687 107
257 908
479 934
218 566
510 364
8 452
355 613
844 608
46 113
779 552
176 675
645 277
857 908
344 958
808 866
925 493
235 492
656 739
737 834
69 396
425 131
142 211
735 168
16 246
981 538
7 502
475 641
972 385
683 849
742 989
624 993
420 328
26 518
151 657
966 89
434 272
758 384
603 506
153 677
676 827
602 991
87 117
179 832
684 289
5 570
102 755
333 455
459 896
550 189
965 284
819 21
366 108
277 703
10 335
615 243
199 947
307 856
340 648
68 604
567 937
871 722
737 552
706 403
583 454
83 716
408 696
105 713
924 465
787 910
278 127
11 964
494 336
811 298
767 656
411 335
371 769
310 169
204 201
367 170
27 50
111 23
397 834
256 320
497 869
743 515
484 332
815 507
950 213
257 777
594 583
320 160
737 88
551 812
786 784
432 357
915 473
940 434
296 58
998 129
826 528
440 931
933 168
799 390
749 760
14 672
469 894
355 19
602 885
947 476
442 876
758 856
656 192
422 613
503 276
447 491
458 470
216 591
194 949
62 41
209 206
654 355
670 525
689 111
895 223
586 472
295 450
242 754
486 609
546 239
189 856
214 512
967 712
174 382
339 764
555 340
377 146
606 773
550 13
334 382
835 12
399 506
249 288
951 722
744 126
369 599
903 774
384 806
51 387
346 750
681 929
410 869
953 640
622 477
330 454
162 3
952 253
708 580
320 966
839 412
538 75
202 185
607 388
155 7
3 669
636 999
519 518
610 590
115 30
578 758
591 696
27 597
393 744
926 365
92 544
222 930
254 884
254 980
154 143
588 350
584 646
94 518
890 99
407 887
879 613
383 597
313 954
144 608
782 325
815 811
157 296
27 417
843 282
1000 934
629 795
330 617
286 276
804 981
232 837
525 411
657 196
672 225
740 195
460 379
636 479
271 764
1000 517
688 956
461 166
88 457
155 242
551 639
349 261
548 838
138 168
89 573
540 359
174 632
69 941
887 271
830 876
236 272
539 879
609 753
862 2
443 649
491 302
410 463
311 892
500 705
12 98
627 560
154 167
248 210
629 331
749 337
354 30
27 391
49 561
755 262
903 302
302 929
847 190
559 242
979 777
101 956
244 436
352 71
830 301
631 320
809 393
906 917
327 712
427 864
213 834
254 22
113 638
972 51
719 825
268 407
924 983
943 622
28 323
454 643
545 288
247 171
306 857
728 793
946 646
533 839
14 912
532 444
198 861
939 131
105 269
473 43
348 391
763 866
949 264
905 766
857 744
389 120
665 593
998 709
758 474
312 276
146 628
365 884
783 280
136 85
155 560
441 605
166 510
920 654
275 629
651 378
576 435
592 901
86 36
366 114
440 921
871 350
73 227
533 913
681 757
549 22
500 898
334 176
264 711
937 776
22 369
960 607
944 634
317 740
931 957
146 403
707 250
966 886
332 200
870 956
936 104
639 987
28 560
337 742
789 809
373 954
115 803
799 866
15 949
567 658
103 691
949 293
612 845
741 631
455 870
858 720
68 693
502 495
896 998
396 847
614 275
69 136
739 511
973 24
303 762
777 351
361 279
389 232
596 906
937 274
356 228
150 298
700 159
398 841
811 76
304 897
575 377
784 159
904 698
509 498
475 167
529 391
219 989
886 836
638 572
852 120
345 691
253 5
633 863
759 857
505 611
517 791
187 824
817 835
223 773
987 891
279 714
571 703
61 177
945 72
533 755
558 334
299 875
599 74
436 596
678 229
633 814
733 735
306 788
387 894
668 753
903 624
52 357
544 381
40 787
123 84
909 348
178 78
660 898
350 752
166 191
632 234
274 975
454 889
294 989
785 285
170 932
712 961
478 783
417 251
360 660
830 179
649 144
118 486
781 437
353 797
219 233
930 281
875 141
358 182
145 611
421 430
923 45
984 2
961 931
248 143
626 445
879 668
44 826
177 958
777 553
865 930
23 540
453 657
438 587
525 566
702 204
375 900
435 876
416 546
603 883
239 636
946 669
598 470
220 545
668 156
278 345
993 680
72 646
280 52
994 187
721 451
768 597
658 179
93 937
205 32
283 177
370 597
9 67
801 306
401 330
107 962
418 711
82 132
845 185
117 881
972 309
717 990
917 531
295 32
944 164
596 574
190 820
956 171
221 778
188 110
316 493
182 504
620 873
339 112
60 452
541 630
568 178
980 822
844 237
713 95
850 893
699 42
853 628
935 118
750 938
29 580
756 236
243 72
771 68
731 743
901 209
361 172
545 431
477 163
653 1
409 513
525 21
685 709
569 465
404 581
897 592
133 925
911 948
132 992
892 592
55 30
228 322
601 337
595 804
335 305
335 652
217 870
66 567
959 289
496 273
790 903
259 629
361 875
18 272
719 605
694 621
354 4
154 514
80 445
42 745
579 704
390 564
204 17
59 69
188 92
880 264
158 241
141 79
639 11
596 211
482 807
73 707
480 880
492 762
405 6
616 164
937 867
772 988
616 563
640 258
47 404
341 571
314 537
251 565
175 589
321 699
288 504
31 53
406 941
71 846
520 680
908 969
787 170
334 116
642 385
169 674
519 70
851 611
516 226
109 193
208 338
682 792
375 545
860 978
703 186
715 449
655 269
414 897
959 907
998 523
466 908
831 900
497 147
608 460
177 273
39 317
73 985
831 363
557 92
376 527
64 200
942 446
978 248
878 143
362 462
919 354
433 77
743 556
35 572
711 747
357 922
342 579
438 419
947 710
632 535
487 171
404 788
448 306
730 395
846 986
874 500
683 467
53 464
229 106
92 324
466 181
543 592
65 134
20 591
829 94
530 973
470 724
800 338
481 233
816 165
297 940
470 488
238 831
877 914
329 102
976 519
97 818
187 137
547 269
620 364
447 65
781 974
582 159
796 628
372 872
132 729
664 689
184 385
106 424
727 724
355 139
596 848
220 798
33 461
324 37
341 802
66 882
121 942
590
527
232
648
655
818
247
378
108
662
917
39
805
6
73
29
141
518
913
573
716
440
188
86
980
56
33
216
260
754
583
797
1000
389 374
377 5
996 812
77 961
347 100
962 64
981 705
668 910
498 215
208 888
77 895
881 636
193 954
905 563
466 185
977 795
370 498
637 322
257 457
456 810
935 874
540 158
294 778
688 298
970 637
858 798
249 52
433 214
568 921
462 586
8 997
472 475
107 572
116 577
413 111
716 45
162 750
28 86
234 925
921 131
289 788
607 662
167 154
283 48
781 539
614 808
436 207
399 174
1 620
29 173
983 603
351 701
283 143
645 30
575 866
334 572
526 129
32 439
91 275
854 652
399 100
81 714
246 392
2 841
678 925
559 823
729 463
691 355
116 590
881 106
739 304
393 147
320 969
746 839
380 560
855 957
510 310
174 834
13 243
718 762
875 861
167 239
740 708
757 600
190 668
159 437
620 942
23 132
186 632
422 31
574 194
392 786
334 972
80 143
707 899
799 102
293 211
619 702
408 257
962 603
37 744
135 235
110 598
547 111
94 414
76 516
840 344
860 548
235 252
308 856
492 445
936 226
725 294
169 871
320 56
701 860
942 878
197 750
329 446
850 85
771 813
741 283
323 267
149 204
946 385
639 185
525 815
944 63
937 610
43 527
829 373
799 361
957 890
650 280
505 805
200 775
63 13
155 7
965 555
267 666
580 292
568 35
610 712
638 929
117 161
2 746
438 863
27 271
849 519
419 669
189 314
314 340
956 434
852 21
703 629
273 976
369 475
33 601
656 304
372 236
277 144
481 485
769 173
11 575
73 263
546 905
752 632
399 212
84 968
799 322
156 281
815 385
150 199
377 122
827 238
108 573
303 400
475 277
158 513
403 550
643 632
98 426
233 741
966 560
506 813
696 736
808 991
587 503
58 587
293 439
248 498
692 622
643 715
745 78
348 996
373 848
856 842
124 147
330 264
837 716
214 617
734 307
146 14
125 305
182 813
604 505
295 246
767 495
145 841
488 86
701 768
797 72
583 875
543 537
62 841
888 647
755 595
23 557
529 395
705 430
531 360
476 533
306 262
603 278
162 177
828 590
950 683
769 971
107 913
151 127
958 624
677 596
418 191
623 360
121 844
641 272
681 577
897 10
687 364
463 55
757 809
471 296
281 676
719 598
102 18
737 530
105 338
2 47
219 840
221 752
84 723
523 532
973 281
973 569
304 477
542 127
992 278
204 469
848 198
839 814
966 896
731 7
21 583
66 466
911 679
318 724
970 236
387 490
555 744
930 195
889 73
751 35
717 312
441 946
537 892
661 577
548 608
433 453
636 63
505 479
133 302
412 52
755 712
608 504
615 265
828 898
417 333
505 273
894 711
695 808
195 824
105 515
173 586
553 975
851 383
806 977
815 155
340 621
328 377
806 123
725 485
876 413
900 933
276 349
627 219
612 291
364 949
476 720
773 698
209 746
273 247
804 50
270 362
640 227
318 826
537 406
195 437
203 710
144 287
86 679
290 847
266 777
298 804
998 223
493 395
264 720
457 354
785 296
944 908
629 422
875 927
187 432
293 215
441 144
235 605
57 328
507 635
394 94
519 821
177 199
652 694
137 67
892 235
716 349
460 539
367 199
492 251
780 703
377 622
861 74
122 223
183 603
695 446
215 810
451 454
305 436
203 479
844 808
947 337
543 404
106 443
244 982
422 767
227 909
184 649
396 336
433 613
569 404
569 632
562 419
989 221
18 243
51 141
845 249
912 648
937 223
491 892
86 922
859 978
631 703
449 277
456 8
393 206
373 769
613 357
299 203
873 394
864 193
465 201
909 872
528 709
805 283
846 62
3 95
23 179
188 748
624 473
969 6
71 149
573 961
116 208
446 66
513 564
292 129
770 550
77 406
393 930
67 266
580 8
404 154
432 719
550 330
652 722
206 553
485 423
965 366
919 371
868 214
987 821
785 978
991 903
820 679
963 430
391 53
228 778
402 140
580 633
40 128
775 521
204 344
230 218
530 723
231 854
807 72
550 992
359 255
301 179
978 453
168 214
71 619
434 733
139 931
397 136
36 963
122 709
55 907
586 877
428 622
688 722
100 331
760 13
191 876
733 230
985 885
815 420
585 85
72 436
615 879
570 503
777 790
474 104
65 793
779 410
812 741
244 363
627 541
677 82
717 521
466 188
318 363
768 409
32 758
376 406
220 335
476 512
284 828
130 151
390 199
934 620
672 790
820 487
338 226
382 532
899 785
343 211
5 43
397 798
205 278
611 992
36 967
391 474
672 124
321 138
36 366
967 409
200 89
221 248
984 99
376 119
958 645
948 645
441 862
917 446
515 729
617 385
392 119
799 664
130 665
535 484
872 796
155 992
260 872
243 718
922 497
129 433
470 611
269 544
805 24
947 557
752 940
310 93
741 172
213 659
227 21
784 455
121 22
387 978
584 128
570 904
968 247
893 392
540 713
598 461
101 861
703 809
45 754
700 613
761 821
620 478
787 160
582 137
579 349
582 815
502 607
75 253
885 537
642 652
820 29
817 877
577 56
968 260
525 348
235 931
864 388
340 350
691 521
333 267
782 897
99 890
229 733
182 399
814 898
672 86
276 989
906 942
736 427
580 88
179 902
680 899
973 95
807 959
783 58
959 302
882 841
617 224
598 852
223 699
768 558
424 211
505 176
811 229
269 537
38 399
919 300
707 828
540 179
106 683
878 927
222 649
329 739
858 956
685 293
540 799
592 235
956 443
947 955
600 912
574 333
310 391
688 349
259 800
103 116
639 770
361 941
191 560
581 301
873 865
969 376
788 424
918 406
488 638
486 317
991 822
77 280
166 742
366 862
79 586
749 946
894 794
894 704
624 550
957 683
379 693
595 903
556 650
762 981
175 16
193 183
782 333
876 762
165 495
739 584
260 816
901 644
142 962
576 943
705 837
741 456
279 986
699 499
678 198
833 897
149 151
286 136
53 35
449 245
252 935
257 814
650 926
989 306
39 412
549 410
596 621
98 67
792 463
627 322
137 403
486 848
667 442
700 22
321 553
541 759
991 130
638 992
550 366
353 700
439 146
556 124
198 801
424 190
716 330
256 844
431 241
621 76
177 760
170 625
224 514
930 180
899 14
346 948
695 463
330 67
390 3
907 577
65 863
315 914
783 357
761 507
325 638
874 609
688 1000
907 75
148 410
963 61
603 413
202 472
345 492
88 676
239 685
696 643
662 914
661 214
778 308
49 538
190 796
885 759
392 970
529 868
999 277
126 475
565 579
573 709
485 905
97 544
63 413
559 910
40 10
698 354
825 4
66 418
787 624
465 421
955 690
602 109
61 507
155 356
218 638
593 865
33 681
913 919
836 38
261 74
134 822
269 794
672 39
142 163
189 981
257 264
538 457
982 759
377 419
791 710
114 870
723 778
272 161
228 845
891 863
862 65
706 793
738 971
90 934
475 508
432 640
817 294
243 285
728 389
847 688
423 437
78 914
522 192
34 856
676 586
452 186
116 869
75 565
512 849
451 397
970 747
620 900
377 778
326 132
783 271
365 115
10 497
15 26
26 409
600 443
122 944
847 930
961 532
542 717
485 357
749 645
516 552
198 33
980 974
737 866
614 934
387 693
526 127
232 335
583 107
152 919
115 884
52 18
133 360
822 106
851 418
572 298
229 863
467 602
646 548
288 850
639 689
283 915
317 596
448 596
854 855
800 874
921 36
716 391
707 383
111 102
237 674
246 686
698 263
674 693
638 567
257 326
54 433
812 900
575 586
57 346
258 235
356 747
719 590
299 539
984 993
175 660
829 126
997 395
671 994
297 665
622 688
760 108
700 723
642 906
120 362
433 135
559 469
328 14
614 311
769 901
387 443
35 907
424 668
143 308
764 185
236 904
226 681
842 753
350 596
231 655
916 610
637 713
232 734
111 825
38 762
183 241
671 88
219 144
157 968
57 910
732 736
767 912
226 448
326 40
102 630
43 15
975 479
292 883
539 824
400 283
148 788
837 689
872 39
629 692
254 311
591 37
583 60
978 92
163 264
352 464
322 308
131 580
348 24
195 544
491 945
297 729
483 867
742 599
296 245
970 174
21 441
26 991
677 852
51 11
107 455
847 380
341 808
51 948
434 905
522 370
682 97
641 857
79 92
760 441
327 164
49 926
116 164
246 511
787 566
667 470
407 149
644 315
855 484
438 873
815 27
151 731
505 977
913 685
242 497
670 318
12 527
981 122
803 449
684 5
230 144
110 453
486 438
326 916
196 949
544 531
748 105
46 413
171 465
576 688
551 760
526 51
789 232
837 477
279 841
501 898
116 875
762 889
50 390
835 510
911 730
928 945
205 368
69 899
18 671
452 556
223 648
755 858
534 582
384 417
723 704
956 891
410 516
134 962
39 408
914 787
234 257
145 650
722 917
398 111
655 771
871 754
827 908
244 47
961 484
905 593
120 329
113 366
115 266
825 289
510 669
66 637
75 694
476 108
192 392
273 436
126 811
762 210
446 368
169 417
388 70
59 757
687 747
530 529
515 315
175 440
651 421
66 812
554 913
185 243
411 917
241 825
612 56
